[gd_scene load_steps=5 format=2]

[ext_resource path="res://Scenes/Projectile.gd" type="Script" id=1]

[sub_resource type="BoxShape" id=1]

[sub_resource type="SpatialMaterial" id=2]
flags_transparent = true
albedo_color = Color( 0.0705882, 0.898039, 0.694118, 1 )
metallic_specular = 0.6
roughness = 0.0
emission_enabled = true
emission = Color( 0, 0, 0, 1 )
emission_energy = 1.0
emission_operator = 0
emission_on_uv2 = false

[sub_resource type="BoxShape" id=3]

[node name="PlasmaCube" type="KinematicBody" groups=[
"projectile",
]]
transform = Transform( 0.5, 0, 0, 0, 0.5, 0, 0, 0, 0.5, 0, 0, 0 )
script = ExtResource( 1 )

[node name="CollisionShape" type="CollisionShape" parent="."]
transform = Transform( 0.984479, 0.0299992, 0.172921, 0, 0.985283, -0.170932, -0.175504, 0.168279, 0.96999, 0, 0, 0 )
shape = SubResource( 1 )

[node name="CSGBox" type="CSGBox" parent="."]
transform = Transform( 0.984479, 0.0299993, 0.172921, 0, 0.985283, -0.170932, -0.175504, 0.168279, 0.96999, 0, 0, 0 )
material_override = SubResource( 2 )
cast_shadow = 0

[node name="Area" type="Area" parent="."]
transform = Transform( 0.984479, 0.0299993, 0.172921, 0, 0.985283, -0.170932, -0.175504, 0.168279, 0.96999, 0, 0, 0 )
input_ray_pickable = false

[node name="CollisionShape2" type="CollisionShape" parent="Area"]
shape = SubResource( 3 )

[node name="Timer" type="Timer" parent="."]
wait_time = 2.0
[connection signal="body_entered" from="Area" to="." method="_on_Area_body_entered"]
[connection signal="timeout" from="Timer" to="." method="_on_Timer_timeout"]
